12006363.91932527
2830302.653073502
20532147.073043022
1606323.9280884229
478492.2055358558
5704206.13969951
688779.9999911182
482250.3745295234
1907781.066633323
113304.25393878696
4191730.1848370517
496432.1694961594
4190063.7832742953
1847735.5129799382
146332.11485680853
1168039.9584045052
1589827.719945898
3150423.799500467
407807.95168280567
123086.82194589678
2118072.955049515
118171.92316834863
1183541.2056155198
4787887.220498164
578717.8431623065
9577054.113622027
409539.54180781916
1099224.0058171228
1744303.1780294196
1470512.3566539225
495005.0939354012
3469180.7535683373
5676083.717791803
24968682.181240883
465047.23864559503
14631158.798157765
777430.3408721299
1288721.5326735098
454204.1350505275
10176007.06680199
2684864.3266852875
7236545.888694164
460003.5041184414
203662.10202062898
3453168.504042682
10849748.184724526
6564002.382616847
344431.0684459977
995116.7420187893
1477674.1184923318
1527826.2673876174
227869.09859071125
4057159.035015552
218471.10139902862
2127613.061329056
352323.3018199129
5846998.941085182
4574769.866276484
2959982.653899246
696493.8630186052
10985403.050581422
4080168.5015060157
3985755.1335014347
318758.8746530469
345688.0115867555
2808168.526567598
382857.84787101427
13829658.76990951
656928.2210466079
905130.4563427019
267496.11122710904
252489.09888774692
344812.765363124
1606851.8196241942
799659.2225797022
1960279.827244804
854330.9575187634
10705261.356839074
1947604.7454513675
3753990.1938808793
2219728.840398864
7460245.932973612
4392553.233799109
8100289.583693578
3009876.562852103
310063.3447770882
432371.064540151
931938.9429504398
443344.00626124564
1482460.5896237306
878781.9267229695
2237342.3882626863
2913534.2826936226
215714.9582375956
296843.8426078911
196939.12466708975
4728162.520665485
1979563.6552343678
1152509.9334358377
543330.8867133342
1659574.1248791462
315476.3996141883
347104.4662133704
5756032.373378503
6790654.105273208
1080146.061496307
2614993.7636167873
2730267.79789285
260083.5606754028
645730.5304680038
6699165.458131443
338814.95604308764
8309817.877967528
3907636.4624049133
1555620.1553985088
760542.7983172023
532339.0286126188
2419663.1747846287
3747548.349043642
1438820.6421748402
8533999.385750912
1467962.009979786
3825149.1816669838
169936.76998196464
723637.3030122357
3115647.1063613323
261632.43959263095
7606352.653215987
1573733.5605878413
1604085.5522011362
757889.2509636438
9451245.014307454
11603801.832949547
181635.92431071168
152972.0233931992
723028.8940117491
11080675.604051022
140534.2953365552
208376.11426394127
475579.41826319013
4300474.516429324
2673718.532498014
265231.8565372494
363343.5547772087
5173566.372803585
133684.9605207437
241221.56519757572
3474182.097323683
190480.04333098093
156284.60444291364
370119.71852142765
134245.96188956837
240002.0805355804
1259665.2692670547
8208583.533818224
741639.3169906723
9062566.34452227
5473131.438407771
3092388.1790604573
10360332.157165358
1974338.6931091947
14611690.720461411
5369106.929745276
557295.896557671
1031266.3363450428
18358399.048063207
65946.99659844051
2303040.3673106665
1118688.8808013622
4044917.4734851746
1157005.4145162045
1377184.714417638
3982037.2015048894
1278280.491119102
5428620.007261315
5490404.875327171
15069344.68731295
415808.625601087
550951.7896697989
2270222.1304040346
2108603.214789979
190173.62828190517
3336986.644806501
1027455.4491454824
8822639.906367201
370315.41513310315
33141539.558438484
537100.9666153486
27702062.036758423
1133108.4933041402
2084401.0686398533
3286654.0416936483
382791.1408889683
1150554.855378911
697078.9830990384
510573.72669227386
9407808.626789914
305449.6811058867
4350038.776901061
313847.08933624486
613215.1181991219
20715999.158885043
4361984.433162382
73651.95578148605
15670375.365148686
442741.76960554783
19689231.12691776
5696879.85584622
1225553.0614131324
15587654.671137307
1820640.9209860414
1797318.5974377738
1043857.7558305934
472074.5135565588
178691.67883969634
815214.2075971796
15194207.940848565
3139692.323495726
195811.07671915568
1226326.2275874016
8752370.419372357
8848091.047136076
568208.0410790564
334697.0288349138
9110444.148717029
180539.72680187327
4498324.173818314
271951.2334794009
2253180.9526066436
1806370.0093234999
111607.86094745088
132218.9453430549
2599852.1493902258
6821315.749085745
5021787.571998461
16363826.2542835
360299.7911189126
1367846.8362609837
257889.86564010187
562310.79090469
317230.04822448606
958174.6280485464
2181105.897355507
654678.9792886395
13313790.010461414
5726306.278456297
11603279.125945272
142556.46617118106
401384.6160439948
3277601.4285209775
