0.1128717852841703
-0.8786025693925454
0.7544993703394818
0.15937385092992218
0.8569827941432244
0.2765178145561593
0.16160367369741147
0.9298183462773704
0.991961086388764
0.8816572059567833
1.0299158559228154
0.007787664443968771
-0.6772094280916114
0.4887214401642188
-0.11364734947292376
0.6463822480702461
0.46568941741736203
0.7497799912091256
-0.6528419016390128
-0.5690773717811979
-0.23167833875858612
-0.5682710834091687
0.12814191191147373
-0.8325204969748867
-0.9135833241343532
-0.9108193393942452
-0.5506163770344337
-0.5867420294389998
-0.6133110326863189
0.6808697294482968
0.5097513798250355
1.059286849160318
0.2015630330422944
-0.09476261440533307
0.3748339123001969
0.9206562367531035
0.10021039048437075
0.7495659541191044
-0.4777620609774864
0.6824872628438013
-0.5201614280870395
-0.15690120633209403
-0.2180318199402107
-0.6130301148398378
0.3688637356458919
0.9357476583852811
0.7394897841500543
0.4497553344918051
0.9203059789571297
-0.73206237638564
0.8690436292142021
0.6779930309229112
-0.09198633193483907
-0.00859822703031033
0.3110366279470039
0.2677211110196406
0.4473783888282013
-0.9942566653103304
-0.5183727207624678
1.0244918875181617
1.0378696350273542
-0.5483813149360639
-0.8969824662550536
-0.26279210097971983
0.8821609539001773
0.5522054299024859
0.8973083096918169
-0.5584730907389699
0.5350337836173127
0.6607217891339183
-0.6650366892137569
0.12445610161578202
-0.8909614677871112
0.9358778323915455
0.70631080314085
0.543013528547925
0.28536901088596817
-0.9478587568490942
0.23282787374708036
0.1147216372604265
0.2116375172029491
-0.7167712665344368
-0.9249301804987446
0.548853999301155
-0.1932463936694866
-0.845885070734769
-0.2586093840233783
0.7563953826433316
0.912329570167131
-0.49930634521930983
-0.7953794783166437
-0.37660625302239836
0.8695184130838594
0.03552748692153859
1.057574759859832
0.22484518366076856
-0.08763423434979511
-0.8751001842058854
-0.9845812143737063
0.6841048570786941
-0.764576759678818
0.06308163394192051
0.9130504691887482
0.30610401030965806
0.8013395958833072
-0.9791399262455109
-0.551591949901836
-0.27047205964264975
0.7546908664753929
-0.8092745005812017
0.04448485282656911
-0.8880827438925163
0.494929608462475
0.6769527155860333
-0.9128144064468922
-0.8964110229675031
0.404102609246374
0.11495062852234383
0.0040395840513980374
0.5127154094053026
-0.43417159818790196
0.18620922816867602
0.020418790733565118
-0.32853794679577675
0.30552767777122725
-0.25596003063163764
-0.41978063816571876
0.5987961187830106
-0.794354338117234
1.053776934988706
0.17831337618982268
0.15545593785370673
-0.32831402693630807
0.20521585822952915
0.044919760603805814
0.14620333750154083
-0.935687716165694
-0.8247470137367898
0.9102449628626124
1.0265828611342513
-0.5973163230591858
-0.9747447408746517
0.7157163812116805
0.8576152467849685
-0.5514188389499584
-0.7207485272460801
0.26806122940836385
-0.7093745091028376
-0.7591938601529238
0.4082553006715184
-0.9853975605033094
-0.7739555654305335
0.4831726780360066
0.5290849021148105
0.9313304355784381
-0.7190956477007688
-0.6269654025662739
0.4851354575894228
0.46599328906400217
0.27301763365649523
0.09538825963609021
-0.23943865485870397
0.9797815045337848
0.06645270457861602
0.6153249177645375
-0.9317982510099707
-0.6948467575922699
-0.30087894223780864
0.9425318768935449
-0.6724345646841261
0.16274755892835913
0.8861893381961363
0.5126162222082336
0.4574917787586612
0.7819842776825967
-0.7106431986746742
-0.19165628743798813
0.7534745872533435
-0.13447488400490037
-0.6708886636251039
0.04450276657862694
0.3300845806270054
-0.6354322552493938
0.7562689265095603
0.25463562658914185
-0.8420310856710866
-0.9555837796302722
0.4196287920483268
-0.6365406748792175
0.29390171045318203
0.7735346267754544
-0.9718890132743869
0.03302352775889261
0.8225236740290569
0.6862268197774222
0.301521624842231
0.13644326498461845
-0.5928198080722682
0.3132801851378808
1.0384965528475094
